%Loading Case (lbs)	F0 (lbf)	F1 (lbf)	F2 (lbf)	F3D (lbf)	LVDT (in)	%10/18/201710:42 AM
0.000	0.020	-0.018	-0.012	0.128	-0.000
0.000	0.019	-0.015	-0.012	0.074	-0.000
0.000	0.012	-0.013	-0.022	0.113	-0.000
0.000	0.013	-0.013	-0.012	0.092	-0.000
0.000	0.022	-0.021	-0.017	0.112	-0.000
0.000	0.014	-0.020	-0.019	0.088	-0.000
0.000	0.017	-0.013	-0.011	0.123	-0.000
0.000	0.015	-0.012	-0.020	0.101	-0.000
0.000	0.020	-0.018	-0.019	0.113	-0.000
0.000	0.019	-0.014	-0.020	0.103	-0.000
0.000	0.007	-0.017	-0.027	0.072	-0.000
0.000	0.015	-0.016	-0.019	0.061	-0.000
0.000	0.021	-0.020	-0.014	0.121	-0.000
0.000	0.009	-0.028	-0.018	0.122	-0.000
0.000	0.023	-0.010	-0.029	0.157	-0.000
0.000	0.017	-0.018	-0.019	0.080	-0.000
0.000	0.020	-0.016	-0.023	0.077	-0.000
0.000	0.016	-0.019	-0.012	0.087	-0.000
0.000	0.026	-0.005	-0.014	0.058	-0.000
0.000	0.017	-0.017	-0.012	0.081	-0.000
0.000	0.019	-0.019	-0.013	0.140	-0.000
0.000	0.018	-0.019	-0.024	0.104	-0.000
0.000	0.020	-0.011	-0.012	0.087	-0.000
0.000	0.019	-0.008	-0.019	0.079	-0.000
0.000	0.009	-0.022	-0.027	0.105	-0.000
0.000	0.015	-0.019	-0.024	0.103	-0.000
0.000	0.011	-0.019	-0.017	0.111	-0.000
0.000	0.013	-0.007	-0.025	0.034	-0.000
0.000	0.020	-0.009	-0.012	0.133	-0.000
0.000	0.017	-0.005	-0.021	0.147	-0.000
0.000	0.010	-0.003	-0.019	0.120	-0.000
0.000	0.007	-0.014	-0.023	0.103	-0.000
0.000	0.010	-0.007	-0.024	0.112	-0.000
0.000	0.004	-0.004	-0.020	0.140	-0.000
0.000	0.011	-0.006	-0.020	0.093	-0.000
0.000	0.020	0.005	-0.016	0.099	-0.000
0.000	0.025	-0.023	-0.019	0.063	-0.000
0.000	0.011	-0.005	-0.022	0.136	-0.000
0.000	0.022	-0.011	-0.011	0.087	-0.000
0.000	0.016	-0.012	-0.015	0.065	-0.000
0.000	0.024	-0.009	-0.021	0.120	-0.000
0.000	0.020	-0.009	-0.017	0.082	-0.000
0.000	0.019	-0.005	-0.008	0.065	-0.000
0.000	0.031	-0.012	-0.006	0.080	-0.000
0.000	0.016	-0.007	-0.018	0.099	-0.000
0.000	0.024	-0.016	-0.013	0.097	-0.000
0.000	0.020	-0.009	0.001	0.082	-0.000
0.000	0.022	-0.007	-0.006	0.076	-0.000
0.000	0.013	-0.006	-0.013	0.081	-0.000
0.000	0.023	-0.005	-0.007	0.057	-0.000
10.000	2.468	2.865	5.058	13.998	0.007
10.000	2.469	2.867	5.052	13.968	0.007
10.000	2.465	2.863	5.055	13.950	0.007
10.000	2.463	2.861	5.049	13.989	0.007
10.000	2.444	2.874	5.048	13.995	0.007
10.000	2.444	2.867	5.036	13.947	0.007
10.000	2.438	2.877	5.045	13.917	0.007
10.000	2.440	2.870	5.042	13.934	0.007
10.000	2.439	2.865	5.045	14.010	0.007
10.000	2.438	2.879	5.049	13.951	0.007
10.000	2.445	2.860	5.043	13.983	0.007
10.000	2.446	2.863	5.040	14.004	0.007
10.000	2.440	2.865	5.047	13.974	0.007
10.000	2.435	2.883	5.041	13.956	0.007
10.000	2.447	2.867	5.047	13.982	0.007
10.000	2.450	2.874	5.040	13.965	0.007
10.000	2.439	2.877	5.049	13.896	0.007
10.000	2.443	2.872	5.045	13.976	0.007
10.000	2.438	2.879	5.043	13.910	0.007
10.000	2.440	2.873	5.040	13.878	0.007
10.000	2.440	2.882	5.049	13.953	0.007
10.000	2.443	2.870	5.044	13.994	0.007
10.000	2.456	2.860	5.062	13.955	0.007
10.000	2.448	2.876	5.054	13.978	0.007
10.000	2.443	2.863	5.044	13.897	0.007
10.000	2.453	2.872	5.051	14.001	0.007
10.000	2.453	2.866	5.047	13.971	0.007
10.000	2.462	2.869	5.056	13.935	0.007
10.000	2.454	2.873	5.050	13.929	0.007
10.000	2.452	2.873	5.050	13.959	0.007
10.000	2.457	2.874	5.053	13.963	0.007
10.000	2.450	2.875	5.051	13.975	0.007
10.000	2.458	2.868	5.057	14.035	0.007
10.000	2.457	2.867	5.053	13.950	0.007
10.000	2.455	2.877	5.052	13.940	0.007
10.000	2.448	2.860	5.047	13.957	0.007
10.000	2.454	2.860	5.038	13.995	0.007
10.000	2.454	2.854	5.041	14.001	0.007
10.000	2.438	2.874	5.045	13.914	0.007
10.000	2.441	2.877	5.042	13.957	0.007
10.000	2.444	2.874	5.047	13.979	0.007
10.000	2.446	2.872	5.042	13.967	0.007
10.000	2.440	2.874	5.035	13.920	0.007
10.000	2.444	2.870	5.046	13.947	0.007
10.000	2.437	2.875	5.057	13.975	0.007
10.000	2.449	2.879	5.047	13.967	0.007
10.000	2.441	2.881	5.052	13.932	0.007
10.000	2.443	2.887	5.046	13.963	0.007
10.000	2.438	2.877	5.041	13.951	0.007
10.000	2.439	2.874	5.038	13.941	0.007
20.000	5.386	5.317	10.139	28.391	0.019
20.000	5.388	5.299	10.141	28.362	0.019
20.000	5.391	5.313	10.142	28.383	0.019
20.000	5.391	5.313	10.135	28.405	0.019
20.000	5.392	5.312	10.140	28.381	0.019
20.000	5.387	5.301	10.141	28.355	0.019
20.000	5.390	5.312	10.145	28.376	0.019
20.000	5.401	5.300	10.143	28.355	0.019
20.000	5.394	5.290	10.143	28.415	0.019
20.000	5.395	5.299	10.135	28.388	0.019
20.000	5.397	5.305	10.135	28.371	0.019
20.000	5.385	5.287	10.139	28.378	0.019
20.000	5.394	5.311	10.149	28.391	0.019
20.000	5.395	5.308	10.146	28.355	0.019
20.000	5.381	5.306	10.132	28.369	0.019
20.000	5.386	5.288	10.130	28.395	0.019
20.000	5.386	5.308	10.133	28.381	0.019
20.000	5.374	5.304	10.130	28.384	0.019
20.000	5.384	5.284	10.130	28.414	0.019
20.000	5.380	5.301	10.137	28.389	0.019
20.000	5.379	5.301	10.123	28.386	0.019
20.000	5.385	5.309	10.128	28.386	0.019
20.000	5.381	5.300	10.139	28.433	0.019
20.000	5.387	5.300	10.136	28.372	0.019
20.000	5.393	5.309	10.136	28.362	0.019
20.000	5.392	5.303	10.140	28.388	0.019
20.000	5.385	5.297	10.134	28.350	0.019
20.000	5.377	5.304	10.133	28.362	0.019
20.000	5.384	5.295	10.134	28.381	0.019
20.000	5.394	5.309	10.138	28.364	0.019
20.000	5.386	5.307	10.137	28.380	0.019
20.000	5.383	5.293	10.129	28.409	0.019
20.000	5.377	5.295	10.135	28.373	0.019
20.000	5.384	5.301	10.140	28.420	0.019
20.000	5.391	5.309	10.132	28.356	0.019
20.000	5.383	5.318	10.147	28.355	0.019
20.000	5.390	5.307	10.139	28.342	0.019
20.000	5.396	5.310	10.143	28.353	0.019
20.000	5.380	5.307	10.133	28.374	0.019
20.000	5.380	5.297	10.133	28.376	0.019
20.000	5.381	5.313	10.139	28.370	0.019
20.000	5.386	5.307	10.140	28.297	0.019
20.000	5.385	5.298	10.136	28.331	0.019
20.000	5.376	5.298	10.133	28.395	0.019
20.000	5.374	5.294	10.131	28.379	0.019
20.000	5.385	5.302	10.134	28.375	0.019
20.000	5.386	5.298	10.141	28.341	0.019
20.000	5.387	5.301	10.140	28.330	0.019
20.000	5.384	5.295	10.133	28.380	0.019
20.000	5.376	5.297	10.131	28.388	0.019
30.000	8.198	7.850	15.222	40.330	0.029
30.000	8.184	7.856	15.224	40.384	0.029
30.000	8.203	7.850	15.228	40.403	0.029
30.000	8.219	7.842	15.233	40.371	0.029
30.000	8.191	7.846	15.222	40.321	0.029
30.000	8.201	7.843	15.229	40.345	0.029
30.000	8.202	7.850	15.225	40.341	0.029
30.000	8.175	7.862	15.216	40.296	0.029
30.000	8.164	7.868	15.223	40.281	0.029
30.000	8.176	7.861	15.217	40.341	0.029
30.000	8.172	7.856	15.215	40.336	0.029
30.000	8.180	7.847	15.211	40.355	0.029
30.000	8.176	7.842	15.213	40.390	0.029
30.000	8.192	7.847	15.217	40.355	0.029
30.000	8.200	7.849	15.222	40.313	0.029
30.000	8.189	7.841	15.224	40.330	0.029
30.000	8.177	7.856	15.222	40.370	0.029
30.000	8.190	7.857	15.223	40.320	0.029
30.000	8.189	7.846	15.222	40.305	0.029
30.000	8.185	7.866	15.221	40.345	0.029
30.000	8.176	7.854	15.218	40.265	0.029
30.000	8.172	7.861	15.220	40.344	0.029
30.000	8.172	7.858	15.219	40.278	0.029
30.000	8.179	7.860	15.212	40.321	0.029
30.000	8.172	7.849	15.216	40.256	0.029
30.000	8.181	7.856	15.213	40.329	0.029
30.000	8.175	7.839	15.217	40.290	0.029
30.000	8.171	7.863	15.214	40.300	0.029
30.000	8.136	7.857	15.189	40.336	0.029
30.000	8.134	7.851	15.183	40.318	0.029
30.000	8.159	7.857	15.203	40.328	0.029
30.000	8.122	7.865	15.190	40.276	0.029
30.000	8.118	7.875	15.178	40.233	0.029
30.000	8.124	7.878	15.185	40.295	0.029
30.000	8.087	7.890	15.171	40.246	0.029
30.000	8.073	7.906	15.166	40.209	0.029
30.000	8.088	7.888	15.175	40.259	0.029
30.000	8.080	7.897	15.172	40.200	0.029
30.000	8.081	7.901	15.174	40.261	0.029
30.000	8.079	7.901	15.175	40.215	0.029
30.000	8.077	7.904	15.163	40.273	0.029
30.000	8.085	7.876	15.170	40.233	0.029
30.000	8.096	7.897	15.179	40.259	0.029
30.000	8.102	7.890	15.179	40.269	0.029
30.000	8.120	7.883	15.186	40.264	0.029
30.000	8.106	7.891	15.198	40.262	0.029
30.000	8.105	7.884	15.187	40.295	0.029
30.000	8.114	7.894	15.197	40.286	0.029
30.000	8.106	7.903	15.192	40.253	0.029
30.000	8.098	7.889	15.182	40.270	0.029
40.000	10.840	10.628	20.325	52.993	0.039
40.000	10.837	10.635	20.325	52.958	0.039
40.000	10.848	10.615	20.325	52.997	0.039
40.000	10.839	10.631	20.324	53.026	0.039
40.000	10.847	10.625	20.317	52.986	0.039
40.000	10.844	10.619	20.331	52.991	0.039
40.000	10.840	10.635	20.316	53.022	0.039
40.000	10.839	10.646	20.315	53.015	0.039
40.000	10.832	10.633	20.331	52.972	0.039
40.000	10.840	10.638	20.316	52.977	0.039
40.000	10.837	10.627	20.316	53.024	0.039
40.000	10.837	10.635	20.325	53.042	0.039
40.000	10.839	10.627	20.317	53.013	0.039
40.000	10.846	10.624	20.322	53.069	0.039
40.000	10.839	10.640	20.323	52.996	0.039
40.000	10.836	10.626	20.324	53.008	0.039
40.000	10.842	10.627	20.328	53.043	0.039
40.000	10.837	10.643	20.320	53.040	0.039
40.000	10.844	10.635	20.335	53.022	0.039
40.000	10.834	10.650	20.328	53.005	0.039
40.000	10.836	10.643	20.329	52.999	0.039
40.000	10.835	10.630	20.317	53.050	0.039
40.000	10.838	10.641	20.324	52.957	0.039
40.000	10.851	10.635	20.325	53.005	0.039
40.000	10.849	10.624	20.318	53.035	0.039
40.000	10.841	10.631	20.321	52.999	0.039
40.000	10.843	10.624	20.322	53.022	0.039
40.000	10.832	10.620	20.321	53.027	0.039
40.000	10.836	10.639	20.325	53.014	0.039
40.000	10.830	10.631	20.315	52.974	0.039
40.000	10.840	10.622	20.317	52.971	0.039
40.000	10.839	10.640	20.326	52.961	0.039
40.000	10.817	10.647	20.331	52.957	0.039
40.000	10.828	10.639	20.332	52.946	0.039
40.000	10.828	10.652	20.325	52.994	0.039
40.000	10.815	10.645	20.326	52.984	0.039
40.000	10.837	10.621	20.319	52.990	0.039
40.000	10.831	10.625	20.327	53.039	0.039
40.000	10.843	10.616	20.314	53.026	0.039
40.000	10.852	10.622	20.327	52.998	0.039
40.000	10.841	10.636	20.325	53.025	0.039
40.000	10.839	10.632	20.318	53.005	0.039
40.000	10.839	10.634	20.321	53.010	0.039
40.000	10.830	10.648	20.320	53.001	0.039
40.000	10.837	10.629	20.332	53.018	0.039
40.000	10.838	10.639	20.328	52.996	0.039
40.000	10.837	10.638	20.324	52.942	0.039
40.000	10.850	10.640	20.326	52.976	0.039
40.000	10.851	10.629	20.329	52.995	0.039
40.000	10.860	10.616	20.327	52.993	0.039
50.000	13.048	13.580	25.406	64.679	0.050
50.000	13.055	13.577	25.399	64.761	0.050
50.000	13.055	13.584	25.406	64.642	0.050
50.000	13.044	13.594	25.398	64.716	0.050
50.000	13.049	13.577	25.405	64.636	0.050
50.000	13.038	13.590	25.392	64.671	0.050
50.000	13.044	13.583	25.391	64.712	0.050
50.000	13.034	13.598	25.400	64.716	0.050
50.000	13.040	13.584	25.401	64.707	0.050
50.000	13.038	13.589	25.400	64.635	0.050
50.000	13.031	13.597	25.390	64.624	0.050
50.000	13.024	13.600	25.399	64.662	0.050
50.000	13.029	13.591	25.404	64.616	0.050
50.000	13.033	13.594	25.394	64.692	0.050
50.000	13.027	13.611	25.391	64.665	0.050
50.000	13.027	13.594	25.394	64.705	0.050
50.000	13.023	13.590	25.381	64.741	0.050
50.000	13.020	13.598	25.395	64.643	0.050
50.000	13.023	13.594	25.394	64.687	0.050
50.000	13.023	13.583	25.381	64.680	0.050
50.000	13.022	13.596	25.388	64.672	0.050
50.000	13.014	13.603	25.390	64.634	0.050
50.000	13.006	13.601	25.387	64.630	0.050
50.000	13.012	13.603	25.388	64.620	0.050
50.000	13.006	13.603	25.390	64.642	0.050
50.000	12.998	13.598	25.380	64.644	0.050
50.000	13.013	13.606	25.391	64.620	0.050
50.000	13.014	13.587	25.391	64.686	0.050
50.000	13.012	13.599	25.388	64.641	0.050
50.000	13.013	13.597	25.385	64.712	0.050
50.000	13.018	13.582	25.390	64.667	0.050
50.000	13.017	13.590	25.385	64.667	0.050
50.000	13.020	13.592	25.392	64.712	0.050
50.000	13.028	13.599	25.385	64.684	0.050
50.000	13.030	13.594	25.397	64.652	0.050
50.000	13.020	13.607	25.391	64.695	0.050
50.000	13.023	13.590	25.384	64.645	0.050
50.000	13.027	13.604	25.392	64.629	0.050
50.000	13.030	13.596	25.396	64.658	0.050
50.000	13.039	13.596	25.396	64.680	0.050
50.000	13.029	13.600	25.393	64.611	0.050
50.000	13.009	13.599	25.395	64.695	0.050
50.000	13.035	13.588	25.382	64.686	0.050
50.000	13.025	13.611	25.396	64.629	0.050
50.000	13.033	13.603	25.398	64.642	0.050
50.000	13.040	13.600	25.402	64.670	0.050
50.000	13.035	13.601	25.401	64.642	0.050
50.000	13.027	13.601	25.393	64.662	0.050
50.000	13.031	13.599	25.396	64.653	0.050
50.000	13.023	13.590	25.391	64.663	0.050
40.000	10.904	10.497	20.313	53.128	0.040
40.000	10.907	10.497	20.316	53.184	0.040
40.000	10.907	10.495	20.309	53.078	0.040
40.000	10.917	10.493	20.310	53.147	0.040
40.000	10.913	10.498	20.319	53.178	0.040
40.000	10.912	10.499	20.315	53.108	0.040
40.000	10.911	10.507	20.320	53.168	0.040
40.000	10.911	10.503	20.312	53.162	0.040
40.000	10.907	10.503	20.306	53.147	0.040
40.000	10.914	10.506	20.316	53.129	0.040
40.000	10.912	10.501	20.324	53.167	0.040
40.000	10.918	10.502	20.311	53.148	0.040
40.000	10.916	10.496	20.318	53.158	0.040
40.000	10.922	10.497	20.320	53.160	0.040
40.000	10.919	10.503	20.325	53.136	0.040
40.000	10.920	10.509	20.326	53.116	0.040
40.000	10.930	10.510	20.323	53.147	0.040
40.000	10.927	10.508	20.333	53.149	0.040
40.000	10.933	10.508	20.330	53.128	0.040
40.000	10.932	10.515	20.339	53.143	0.040
40.000	10.931	10.518	20.335	53.095	0.040
40.000	10.922	10.517	20.327	53.135	0.040
40.000	10.934	10.519	20.335	53.121	0.040
40.000	10.930	10.517	20.335	53.103	0.040
40.000	10.929	10.508	20.335	53.119	0.040
40.000	10.939	10.518	20.341	53.141	0.040
40.000	10.933	10.515	20.329	53.124	0.040
40.000	10.937	10.515	20.334	53.095	0.040
40.000	10.931	10.518	20.331	53.129	0.040
40.000	10.936	10.516	20.335	53.116	0.040
40.000	10.932	10.516	20.338	53.100	0.040
40.000	10.919	10.529	20.332	53.105	0.040
40.000	10.928	10.517	20.331	53.083	0.040
40.000	10.928	10.523	20.324	53.124	0.040
40.000	10.939	10.525	20.333	53.077	0.040
40.000	10.944	10.519	20.336	53.137	0.040
40.000	10.930	10.506	20.326	53.073	0.040
40.000	10.948	10.514	20.341	53.144	0.040
40.000	10.934	10.518	20.345	53.094	0.040
40.000	10.938	10.530	20.346	53.100	0.040
40.000	10.939	10.504	20.339	53.130	0.040
40.000	10.931	10.525	20.339	53.101	0.040
40.000	10.924	10.535	20.333	53.130	0.040
40.000	10.924	10.531	20.328	53.069	0.040
40.000	10.933	10.526	20.346	53.076	0.040
40.000	10.931	10.525	20.334	53.062	0.040
40.000	10.920	10.537	20.336	53.103	0.040
40.000	10.932	10.539	20.335	53.112	0.040
40.000	10.930	10.536	20.336	53.031	0.040
40.000	10.937	10.525	20.342	53.057	0.040
30.000	8.067	7.955	15.247	40.829	0.031
30.000	8.059	7.971	15.240	40.835	0.031
30.000	8.067	7.961	15.236	40.892	0.031
30.000	8.059	7.962	15.241	40.817	0.031
30.000	8.064	7.957	15.242	40.850	0.031
30.000	8.064	7.973	15.242	40.841	0.031
30.000	8.064	7.974	15.246	40.835	0.031
30.000	8.062	7.959	15.237	40.839	0.031
30.000	8.063	7.977	15.243	40.808	0.031
30.000	8.070	7.963	15.244	40.834	0.031
30.000	8.091	7.956	15.254	40.809	0.031
30.000	8.098	7.953	15.255	40.817	0.031
30.000	8.100	7.954	15.249	40.888	0.031
30.000	8.099	7.936	15.261	40.877	0.031
30.000	8.111	7.940	15.266	40.826	0.031
30.000	8.112	7.939	15.257	40.887	0.031
30.000	8.108	7.948	15.264	40.862	0.031
30.000	8.101	7.930	15.258	40.898	0.031
30.000	8.110	7.939	15.265	40.846	0.031
30.000	8.109	7.936	15.258	40.857	0.031
30.000	8.108	7.933	15.257	40.892	0.031
30.000	8.106	7.951	15.255	40.903	0.031
30.000	8.109	7.938	15.252	40.806	0.031
30.000	8.098	7.939	15.257	40.858	0.031
30.000	8.111	7.941	15.267	40.796	0.031
30.000	8.101	7.947	15.261	40.817	0.031
30.000	8.097	7.939	15.248	40.764	0.031
30.000	8.090	7.934	15.255	40.842	0.031
30.000	8.106	7.939	15.254	40.908	0.031
30.000	8.101	7.942	15.265	40.918	0.031
30.000	8.102	7.939	15.263	40.835	0.031
30.000	8.114	7.949	15.262	40.897	0.031
30.000	8.108	7.951	15.267	40.872	0.031
30.000	8.111	7.958	15.272	40.789	0.031
30.000	8.111	7.943	15.268	40.928	0.031
30.000	8.110	7.940	15.264	40.980	0.031
30.000	8.115	7.940	15.262	40.847	0.031
30.000	8.107	7.947	15.264	40.929	0.031
30.000	8.105	7.945	15.271	40.894	0.031
30.000	8.108	7.943	15.257	40.838	0.031
30.000	8.109	7.944	15.264	40.846	0.031
30.000	8.109	7.944	15.263	40.967	0.031
30.000	8.106	7.942	15.268	40.854	0.031
30.000	8.110	7.947	15.266	40.821	0.031
30.000	8.105	7.953	15.258	40.790	0.031
30.000	8.107	7.945	15.258	40.853	0.031
30.000	8.114	7.941	15.257	40.898	0.031
30.000	8.114	7.953	15.265	40.859	0.031
30.000	8.108	7.949	15.265	40.900	0.031
30.000	8.113	7.952	15.278	40.900	0.031
20.000	5.633	5.123	10.306	29.830	0.024
20.000	5.623	5.109	10.316	29.865	0.024
20.000	5.621	5.127	10.318	29.876	0.024
20.000	5.628	5.118	10.322	29.782	0.024
20.000	5.632	5.135	10.322	29.823	0.024
20.000	5.617	5.125	10.316	29.783	0.024
20.000	5.628	5.130	10.318	29.833	0.024
20.000	5.633	5.115	10.331	29.801	0.024
20.000	5.634	5.126	10.317	29.797	0.024
20.000	5.633	5.125	10.324	29.855	0.024
20.000	5.639	5.123	10.316	29.805	0.024
20.000	5.641	5.122	10.314	29.859	0.024
20.000	5.638	5.121	10.322	29.821	0.024
20.000	5.642	5.108	10.322	29.864	0.024
20.000	5.641	5.113	10.325	29.832	0.024
20.000	5.651	5.106	10.326	29.883	0.024
20.000	5.658	5.094	10.325	29.831	0.024
20.000	5.648	5.103	10.324	29.909	0.024
20.000	5.643	5.102	10.322	29.854	0.024
20.000	5.638	5.118	10.320	29.835	0.024
20.000	5.635	5.114	10.321	29.859	0.024
20.000	5.620	5.118	10.309	29.832	0.024
20.000	5.623	5.113	10.315	29.865	0.024
20.000	5.632	5.115	10.309	29.841	0.024
20.000	5.626	5.125	10.308	29.802	0.024
20.000	5.623	5.118	10.324	29.801	0.024
20.000	5.621	5.119	10.315	29.824	0.024
20.000	5.630	5.122	10.314	29.796	0.024
20.000	5.626	5.111	10.317	29.818	0.024
20.000	5.628	5.118	10.314	29.781	0.024
20.000	5.629	5.131	10.313	29.843	0.024
20.000	5.637	5.109	10.312	29.827	0.024
20.000	5.628	5.117	10.314	29.811	0.024
20.000	5.626	5.102	10.307	29.830	0.024
20.000	5.617	5.107	10.311	29.812	0.024
20.000	5.627	5.116	10.310	29.768	0.024
20.000	5.628	5.107	10.307	29.857	0.024
20.000	5.629	5.110	10.309	29.831	0.024
20.000	5.624	5.117	10.313	29.816	0.024
20.000	5.625	5.120	10.314	29.865	0.024
20.000	5.634	5.114	10.321	29.816	0.024
20.000	5.630	5.116	10.321	29.786	0.024
20.000	5.626	5.110	10.320	29.827	0.024
20.000	5.634	5.110	10.313	29.860	0.024
20.000	5.634	5.101	10.318	29.859	0.024
20.000	5.640	5.115	10.310	29.801	0.024
20.000	5.637	5.107	10.320	29.807	0.024
20.000	5.639	5.102	10.321	29.887	0.024
20.000	5.632	5.107	10.318	29.858	0.024
20.000	5.630	5.110	10.308	29.866	0.024
10.000	2.819	2.670	5.236	15.896	0.014
10.000	2.816	2.663	5.240	15.888	0.014
10.000	2.813	2.661	5.240	15.907	0.014
10.000	2.814	2.666	5.247	15.844	0.014
10.000	2.813	2.669	5.246	15.958	0.014
10.000	2.818	2.672	5.240	15.838	0.014
10.000	2.819	2.668	5.250	15.902	0.014
10.000	2.820	2.672	5.248	15.889	0.014
10.000	2.826	2.659	5.255	15.909	0.014
10.000	2.828	2.660	5.249	15.936	0.014
10.000	2.827	2.672	5.253	15.909	0.014
10.000	2.834	2.656	5.244	15.857	0.014
10.000	2.830	2.664	5.249	15.924	0.014
10.000	2.835	2.670	5.248	15.888	0.014
10.000	2.842	2.672	5.259	15.843	0.014
10.000	2.837	2.660	5.257	15.879	0.014
10.000	2.834	2.674	5.252	15.917	0.014
10.000	2.826	2.677	5.251	15.872	0.014
10.000	2.837	2.663	5.252	15.967	0.014
10.000	2.838	2.665	5.249	15.862	0.014
10.000	2.827	2.664	5.243	15.920	0.014
10.000	2.833	2.658	5.246	15.924	0.014
10.000	2.831	2.657	5.252	15.865	0.014
10.000	2.825	2.651	5.245	15.862	0.014
10.000	2.832	2.660	5.248	15.862	0.014
10.000	2.828	2.666	5.243	15.857	0.014
10.000	2.823	2.636	5.241	15.900	0.014
10.000	2.823	2.651	5.240	15.873	0.014
10.000	2.823	2.660	5.239	15.940	0.014
10.000	2.830	2.647	5.241	15.947	0.014
10.000	2.829	2.650	5.248	15.885	0.014
10.000	2.822	2.645	5.242	15.908	0.014
10.000	2.819	2.642	5.233	15.972	0.014
10.000	2.821	2.645	5.239	15.961	0.014
10.000	2.827	2.644	5.237	15.938	0.014
10.000	2.819	2.647	5.250	15.897	0.014
10.000	2.817	2.646	5.247	15.966	0.014
10.000	2.833	2.651	5.249	15.922	0.014
10.000	2.827	2.646	5.232	15.854	0.014
10.000	2.824	2.636	5.233	15.945	0.014
10.000	2.827	2.647	5.247	15.938	0.014
10.000	2.824	2.645	5.238	15.936	0.014
10.000	2.820	2.650	5.233	15.982	0.014
10.000	2.825	2.656	5.243	15.957	0.014
10.000	2.830	2.649	5.240	15.951	0.014
10.000	2.827	2.647	5.236	15.983	0.014
10.000	2.833	2.641	5.244	15.966	0.014
10.000	2.825	2.650	5.237	15.966	0.014
10.000	2.825	2.655	5.247	15.923	0.014
10.000	2.830	2.649	5.234	15.895	0.014
0.000	0.329	-0.166	0.142	0.974	0.006
0.000	0.332	-0.168	0.143	1.031	0.006
0.000	0.326	-0.178	0.147	1.011	0.006
0.000	0.324	-0.164	0.146	1.017	0.006
0.000	0.332	-0.160	0.146	0.956	0.006
0.000	0.333	-0.155	0.148	1.002	0.006
0.000	0.332	-0.169	0.142	1.038	0.006
0.000	0.330	-0.171	0.150	1.006	0.006
0.000	0.336	-0.165	0.146	0.984	0.006
0.000	0.345	-0.172	0.147	1.030	0.006
0.000	0.332	-0.169	0.150	0.999	0.006
0.000	0.339	-0.184	0.144	1.023	0.006
0.000	0.342	-0.171	0.148	1.026	0.006
0.000	0.325	-0.172	0.143	1.055	0.006
0.000	0.341	-0.168	0.145	0.980	0.005
0.000	0.337	-0.166	0.147	1.029	0.005
0.000	0.348	-0.185	0.153	0.981	0.005
0.000	0.342	-0.175	0.147	1.006	0.005
0.000	0.357	-0.176	0.159	0.998	0.005
0.000	0.357	-0.184	0.156	1.030	0.005
0.000	0.346	-0.178	0.154	0.995	0.005
0.000	0.343	-0.179	0.153	0.994	0.005
0.000	0.345	-0.183	0.150	1.021	0.005
0.000	0.343	-0.179	0.147	0.994	0.005
0.000	0.338	-0.175	0.145	0.977	0.005
0.000	0.339	-0.177	0.149	1.001	0.005
0.000	0.339	-0.179	0.152	1.017	0.005
0.000	0.338	-0.173	0.149	1.025	0.005
0.000	0.337	-0.170	0.151	1.007	0.005
0.000	0.339	-0.178	0.151	1.023	0.005
0.000	0.334	-0.181	0.145	1.024	0.005
0.000	0.345	-0.176	0.155	0.986	0.005
0.000	0.356	-0.175	0.152	1.007	0.005
0.000	0.341	-0.181	0.144	1.025	0.005
0.000	0.349	-0.166	0.162	0.952	0.005
0.000	0.357	-0.171	0.157	0.989	0.005
0.000	0.346	-0.175	0.148	0.965	0.005
0.000	0.346	-0.192	0.149	1.031	0.005
0.000	0.353	-0.177	0.151	1.010	0.005
0.000	0.350	-0.189	0.149	1.017	0.005
0.000	0.347	-0.191	0.155	1.023	0.005
0.000	0.337	-0.180	0.154	1.012	0.005
0.000	0.347	-0.180	0.151	0.956	0.005
0.000	0.341	-0.177	0.152	1.035	0.005
0.000	0.348	-0.178	0.144	0.998	0.005
0.000	0.349	-0.173	0.162	0.969	0.005
0.000	0.349	-0.186	0.151	1.079	0.005
0.000	0.343	-0.175	0.151	0.982	0.005
0.000	0.340	-0.170	0.142	1.021	0.005
0.000	0.353	-0.180	0.155	1.049	0.005
